Trees:
99,305,74,96,8,0
204,321,74,96,8,0
282,334,74,96,8,0
377,331,74,96,8,0
478,336,74,96,8,0
575,339,74,96,8,0
702,339,74,96,8,0
776,339,74,96,8,0
442,67,74,96,8,0
445,132,74,96,8,0
450,202,74,96,8,0
441,274,74,96,8,0
426,378,74,96,8,0
441,457,74,96,8,0
511,535,74,96,8,0
587,530,74,96,8,0
647,595,74,96,8,0
662,691,74,96,8,0
623,756,74,96,8,0
554,822,74,96,8,0
467,804,74,96,8,0
400,768,74,96,8,0
8,450,74,96,8,0
14,770,74,96,8,0
20,23,74,96,8,0
786,55,74,96,8,0
PickUps:
1,179,567,33,42
1,166,745,33,42
1,740,513,33,42
2,303,229,39,63
2,632,168,39,63
2,850,121,39,63
3,758,831,78,19
Bears:
502,699,71,95,10,20,5,4,10
651,253,71,95,10,20,5,4,10
136,156,71,95,10,20,5,4,10
301,37,71,95,10,20,5,4,10
652,18,71,95,10,20,5,4,10
