Trees:
280,70,74,96,3,0
536,35,74,96,3,0
600,204,74,96,3,0
841,351,74,96,3,0
73,372,74,96,3,0
175,307,74,96,3,0
138,467,74,96,3,0
213,228,74,96,3,0
198,139,74,96,3,0
53,106,74,96,3,0
95,33,74,96,3,0
732,36,74,96,3,0
49,514,74,96,3,0
63,718,74,96,3,0
278,769,74,96,3,0
461,758,74,96,3,0
602,699,74,96,3,0
677,568,74,96,3,0
551,479,74,96,3,0
PickUps:
3,659,147,78,19
1,516,153,33,42
1,769,248,33,42
2,713,314,39,63
2,687,463,39,63
3,548,683,78,19
2,304,692,39,63
Bears:
419,126,71,95,5,20,5,4,10
113,229,71,95,5,20,5,4,10
159,604,71,95,5,20,5,4,10
